-435 -205 -523 -554 -376 -960 -26 624 88 698 -681 212 293 190 55 -792 -598 -359 664 112 -40 -104 -24 797 986
322 184 369 952 -411 -560 944 684 -972 913 -424 -801 -660 -887 -372 395 -505 538 20 47 743 90 432 -440 -67 652 279 140
630 -144 -390 668 -551 -242 814 -207 991 -775 301 -901 792 -340 656 372 614 614 -894 -959 367 372 184 301 177 905 854 149 -169 -415 -573 -80 -34 -660 -303 634 105 -629 -125 367 314 959 -163 19 766 622 933 -75 -528
370 -740 247 -874 -521 871 341 262 -413 940 -952 -116 734 -864 -897 705 -664 468 -752 607 806 -109 -901 -837 925 913 690 86 -476 504 42 942 166 483 -667 -81 -628 -169 720 715 113 316 -392 331 -91 -793 940 -733 63 619 225 115 720 -785 499 -18 985 -521 678 -544 -138 210 162 398 -848 445 745
-742 -439 868 753 -117 -494 -904 -105 726 611 350 -49 -620 -518 -320 468 -219 217 -259 -874 897 -676 -19 -442 757 132 175 603 146 -967 560 597 621 -531 835 -307 -534 942 -997 274 869 832 -398 -938
82 414 -11 661 814 821 547 -562 811 710 508 -844 86 -339 192 -633 727 828 -470 302 624 -820 15 445 580 -918 -748 750 -118 -309 811 -226 -126
480 498 -953 -536 222 -534 -307 279 501 -563 1 -666 81 906 364 541 746 -453 -171 -621 -605 -156 -121 695 -371 346 -863 -415 -715 747 -202 -619 239 442 626 272 355 790 -449 -962 -577 423 808 590 -838 190 -265 859 211 -662 -322 -634 625 661 -747 760 669 519 -38
-266 -121 497 69 504 -809 642 -873 -490 -811 840 -157 -132 930 835 -848 261 -750 382 -417 -397 -468 949 958 -327 -878 -278 -82 128 15 555 -884 -455 861 17 552 37 639 -592 829 47 -610 -497 237 -109 -818 -616 20 -533 68 -413 -107 598 948 113 730 214 -728 370
-650 -878 -106 -173 789 -271 -711 -681 149 140 -42 -302 631 -679 -440 590 -957 -360 445 353 -235 -890 -751 -555 759 -899 510 -926 -122 258 -988 408 658 -906 3 -143 -655 -645 945 704 822 663 389 -210 -507 685 468 -788 -298 233 -394 156 882 -926 -258 -891 -543 -389 985 826 10 -537 993 -633 -705 -517 -268 305 -55
637 69 722 -392 -231 -228 -537 905 401 -188 -9 109 414 -764 -879 -915 297 692 -911 -39 949 -966 870 -4 -563 -833 775 -728 227 714 -640 477 -339 889 -941 477 765 24 -205 725 277 954 -720 -468 413 414 328 -728 505 176 707 154 -819 820 440 -872 445 691 -517 -796 469 154 -278
83 -543 -342 -437 -920 81 -428 773 -395 391 -168 -508 385 365 651 -763 -437 668 606 -760 160 -427 555 564 -832 -55 836 -527 773 243 -685 233
560 984 -995 759 -78 -675 -571 743 84 -716 -12 775 -191 567 26 274 609 -41 832 -119 -872 68 -234 207 665 -117 -791 -406 -33 975 -374 -460 236 -436 501 500 -614 -955 -658 -158 839 -129 -822 -846 -596 490 889 -226 -367 515 -205 -732 -763 831 867 -763 619 50 919 -976 -710 -968 -540 -121 -422 -148 805 -542 737 287 724 -573 353
-844 -98 816 -282 585 -534 40 531 -328 963 -88 -772 -264 719 -449 224 32 142 744 -688 551 -418 -53 -138 -559 -674 -301
-24 551 475 -794 273 758 720 301 -106 911 590 -173 -761 -922 -527 275 -884 211 -846 -901 -364 -173 55 -753 652 42 -491 -495 -667 9 -917 604 -179 469 173 758
163 210 -545 275 -868 23 -544 -83 -99 -908 414 257 916 -5 803 282 687 -223 796 779 -777 -410 -389 939 -374 -237 -110 -965 -793 -988 675 -542 522 25 -418 -969 634 -111 -117 966 321 -747 739 -207 -780 362 508 544
-666 -282 -350 -351 -679 374 89 534 -745 465 611 -874 -135 -667 663 866 403 -132 -37 -566 -981 613 122 -230 129 -644 -275 2 863 -306
-628 -489 -322 357 959 -156 649 686 118 584 526 -790 -800 -992 -74 -158 221 -665 590 -167 555 -685 952 319 -758 442 -115 973 -393 -27 450 -731 -168
264 -950 80 201 -318 248 653 -907 328 952 -140 11 204 -261 -792 438 736 270 803 540 183 12 217 -546 -673 -913 -413 194 -532 -208 -628 -895 -106 274 500 -197
275 226 38 712 -590 -488 735 235 768 -984 601 276 437 -835 722 -750 60 -663 315 917 380 -913 -618 -274 -214 -147 -414 951 -908
-419 331 248 -211 450 -404 850 -915 869 755 -346 -638 789 -853 -478 345 -648 -80 394 -150 504 765 -661 -901 -662 -741 881 -392 -424 -624 40 197 -36 819 777 745 -910 -309 526 -87 -438
-896 466 -594 757 -651 777 -311 -118 -118 492 105 143 -575 961 844 -774 -211 511 -582 -660 217 144 332 533 -85 -263 812 -645 660 -416 604 388 92 -433 -319 222 -109 -960 918
-173 331 817 -576 -382 -117 906 205 -362 -568 -352 762 -162 -529 -779 -302 965 710 797 -662 -92 -870 392 915 -805 469 -888 395 503 -159 764 -677 533 261 678 444 702 -604 -411 -802 -492 -671 130 200 -974 697 472 118
-473 164 -975 -416 174 885 -696 -740 542 -470 583 379 288 -78 870 -923 -500 211 -843 -132 603 -581 -332 -598 173 -543 -398 -813 -464 -544 -772 -508 -559 966 -885 -485 -643 -100 852 -569 469 245 884 -994 -659 -733 -356 936 315 249 868 -245 508 -348 -854
203 871 -543 -375 404 -533 144 -785 -98 -40 -649 -33 799 -472 -672 -22 912 -613 -787 153 -727 -356 -264 -451 151 -18 -195 111 -459 -668 176 -34 -28 -96 348 914 632 -285 -32 -432 -256 -711 518 179 527
497 -770 -862 -458 42 -585 -603 -363 -251 -676 534 502 -78 -540 -146 682 895 272 -847 605 -848 -322 238 367 943 -30 468 -546 619 -163 -787 45 -769 -111 357 559 -335 -519 554 660 -482 300 -521 542 -956 -493 148 268 326 823 -412 779 838 439 -240 -394 -420
-904 654 -143 -574 -980 -17 -672 28 -723 -287 -117 -642 -520 -10 -211 -613 8 -447 -981 759 -843 -106 619 -673 -235 -681 933 -786 638 746 341 717 -308 -635 747 971 857 961 792 -632 234 -721 -726 -500 -198 -211 -686 -502 788 568 138 -504 -235 -627 349 -320 -149 857 -784 -566 -596 759 410 816 -677 -602 -749
-671 -420 -914 -17 -145 -6 181 -249 940 319 -808 519 -88 405 -279 -505 -427 -14 241 630 -823 -736 666 92 -843 -456 578 209 -902 -803 -191 -152 -342 150 -537 -944 938 591 -665 977 -342 -46 126 300 204 187 953 215 -375 826 -762 -973 -73 110 198 532 -568 914 -162 -960 -525 336 -181 88 973 203 -946 685 -917 -356 -418 -275
-487 658 387 662 -517 -707 -982 675 281 -307 321 166 -489 909 207 654 204 695 261 80 -454 448 831 588 553 -357 79 -995 -572 -632 -423 953 -956 139 -85 519 617 657 342 -430 593
-483 404 947 -710 -557 -414 -762 608 -560 -747 981 154 884 -475 -940 868 -28 280 -15 975 -882 878 -819 169 88 -358 855 -825 -116 631 -67 20 281 -430 -985 450 -767 -996 534 741 -954 127 -806 -279 226 201 193 -312 358 -508 -760 -469 -635 -326 -285 27 183 706 -168 623 -909 911 -928 -784 372 -176 393 -170 -176 141 868 445 10
621 -567 -298 -248 617 -789 842 466 721 -266 -877 461 -473 -33 -571 854 -243 426 -312 -213 -881 685 -94 -56 165 -234 -74 -757 -551 709 786 -102 -298 705 -337 -673 388 171 185 821 -305 689 791 -490 111 716 960 -612 -885 -371 486 270 -51 -17 -436 526 -453 -318 -643 -708 -44 930 556
858 -711 205 -330 165 -235 -546 -524 -134 836 -979 -522 -191 -488 449 432 219 344 -43 851 -682 -446 -260 604 341 295 -551 -248 -422 -991 -187 128 -306 -938 534 -774 -91 -277 -195 951 -572 -301 483 508 -279 753 935 898 217 471 -88 197 -554 -161 690 838 847 437 409 157 -694 372 975 -17 -608 935 891
373 716 -396 -622 -84 -627 754 -262 -244 -474 -387 -225 -692 -674 -54 -938 -518 -659 -699 902 -253 -869 439 -861 31 -701 168 138 342 667 -405 -263 -593
36 41 -295 -854 658 -897 92 -788 38 -825 310 448 -62 -676 -656 8 -510 -999 -591 -808 -418 -477 -490 -628 -715 539 604 36 587 -669 304 417 -543 449 139 49 162 -809 361 -266 -975 781 -691 374 -339 737 -463 -392 534 -135 193 722 -214 -128 804 70 146 -511 -434
-876 638 -769 106 -106 958 415 921 277 -701 118 -419 -614 -808 -507 -576 421 -434 -497 147 -485 164 -12 -777 294 562 -183 -947 -332 447 874 -899 -333 -415 -472 -37 367 -800 728 -286 367 900 -898 -344 -624 397 -898 -727 25 -685 502 -186 -126 432 238 476 584 960 -747 698 108 -26 284
-59 -433 -189 241 -6 -288 541 57 -660 91 160 -97 406 -220 -994 653 427 123 77 -350 720 -793 -369 249 -351 806 -869 756
-564 -291 -635 -197 -691 -407 -936 47 266 866 -763 800 -526 -849 -412 -291 222 -963 -7 -31 554 -359 840 809 -373 445 -926 860 626 18 -246 941 907 879 -821 -406 -745 884 -386 -667 -459 -466 -706 -780 558 767 501 998 -550 179 288 -365 232 537 600 -104 -5 -922
-564 -161 644 787 -934 -827 854 -390 382 -797 -170 709 190 -365 -827 818 975 180 610 995 763 199 396 534 538 100 857 607 -900 993 -757
-193 -245 736 -950 -53 -620 -481 736 749 -686 972 768 351 -24 -688 -533 15 306 -671 -252 412 13 901 66 -490 -481 207 446 437 683 -598 -289 -831 984 -572 -765 859 -255 -375 142 -831 889 677 -574 297 775 -965 738 -859 -724 823 -959 417 -365 -983 701 -401
-433 -486 -640 192 334 882 -923 850 -834 162 968 -9 -4 -15 908 -738 998 -860 -527 366 -334 -227 282 -700 426 61 820 -968 502 948 359 -635 65 86 -247 -909 -122 122 449 -830 662 -155 734
-210 500 799 -577 824 822 420 20 433 559 706 -616 -865 896 -645 -786 629 876 983 78 -471 -778 347 -821 -907 122 -68 636 -804 433 -527 562 -971 464 -874 -413 170 593 -202 -599 -485 502 -681 453 -587
231 -15 679 -215 -378 -558 -793 -62 308 -371 -682 -26 122 -713 -846 678 257 -97 -131 491 357 -524 79 -886 317 120 -625 -50 583 -659 -833 253 859 694 808 498 196 -884
-39 -613 462 -406 -42 139 -891 628 -489 482 278 860 219 -382 -40 -282 -113 472 -371 -987 820 -734 -536 -606 -270 -327 897 -497 -378 -472 -670 483 -843 -161 194 -965 873 -709 -299 -671 913 929 495 -348 365 546 962 111 846 -558 575 780 -668 -244 -759 -564 -472 186 841 -837 281 -607
571 258 -582 -68 871 440 627 -566 335 615 -963 297 13 -498 -768 827 254 -897 -735 901 -674 176 -328 460 595 36 59 -364 -17 692 -732 377 -889 335 544 -47 -36 -253 13 -152 156 -913 532 762 -31 665 -753 -578 638 972 397 -96 553 -29 938 957 -418 -396 730 -395 -874 -841 -488 0 87 -562 -149 785 -402
-139 752 800 -681 241 794 -427 -307 -882 -411 -306 396 683 622 -196 -562 588 377 9 -154 -336 556 347 179 -168 523 862 135 505 -392 -423 -318 -820 546 -107 730 -858 -781 -577 -857 -546 594 -9 -613 -699 -205 725 -513 -584 2
701 -996 500 -610 -962 -986 -941 -207 540 264 -800 313 239 7 -439 -717 467 -773 -765 515 2 -940 841 -803 -965 894 961 -501 -352 -26 784 727 -200 -979 -184 47 -463 -376 588 -55
-307 906 -705 -766 -249 -44 -173 -152 959 -419 433 -474 253 -65 156 295 210 -949 81 430 453 -300 707 963 -793 245 -425 -483 -766 -430 -599 629 -649 -92 659 -603 555 -567 329 -665 -388 271 417 20 -269 975 506 -542 -515 -487 206 289 -842 320 -324 783 389 106 -737 184 -34
617 -962 399 578 783 227 -510 -56 447 -624 -363 11 758 871 -260 982 19 675 711 -578 962 102 -516 -424 -984 159 416 687 85 -99 379 -206 96 -852 255 -404 151 872 -756 -307 987 -339 -226 -924 100 622 -529 -270 -885 -408 412 537 -250 948 -204 58 -302 -190 854 554 -40 -738 -363 604 891
-262 404 -840 -753 672 47 40 668 451 -978 519 648 -117 994 284 -594 -952 772 -968 672 859 -659 395 -42 398 280 781 280 186 -669
285 492 -613 49 0 540 -961 -158 -968 70 601 -163 32 -560 504 -823 -666 935 760 478 -929 684 -783 -771 -991 437 826 -172 -45 -249 7 -353 96 -146 323 -128 -674 598 -93 891 -905 -89 -345 810 -684 -49 742 -352 -466 -563 64 42 -153 357 -5 341
-754 583 -706 694 -176 130 774 959 -592 -402 -568 97 -840 378 215 -136 -315 511 335 -774 -271 987 -33 990 564 -489 806 147 625 735 -720 559 791 -193 -221 -1 232 754 317 430 -345 472 881 -507
-652 28 720 221 -196 453 13 -674 -736 -837 -181 376 426 661 -727 -494 -585 -214 433 560 -407 644 -379 436 -295 -492 674 871 817 33 -398 -584 -293 -414 -197 -446 -280 -887 -233 -764 688 520 766 533 -879 492 568 468 -548 914 -898
-778 -963 167 875 -222 18 637 721 -517 -998 339 -934 227 634 935 -774 -923 208 174 248 810 635 -992 -457 621 346 -947 500 -720 -915 918 -339 644 -960 -613 207 993
-286 157 342 198 746 360 414 116 -466 332 -148 150 -74 -675 733 -414 -935 -27 935 13 658 606 -966 -289 905 975 -36 461 791 -327 -645 869 -606 932 169 -467 -765 217 438 329 621 324 125 -542 940 613 320 344 -848 648 115 -568 -349 379 937 -706 931 -300 215 65
-126 964 -593 868 -292 343 459 534 -149 -363 723 6 829 3 300 522 801 863 -785 -318 -848 709 677 47 204 -163 -370 -431 -39 396 -312 -179 -558 -506 892 778 -821 -146 865 -361 266 -462 -935 -982 -563 -447 -298
-674 -926 -115 -730 102 413 -302 -711 -370 -455 -450 -1000 723 -509 755 872 499 -985 -580 -446 689 -383 -253 903 790 -866 358 719 855 -885 -248 -498 798 -464 509 663 766 644 -174 103 515 -963 -85 -528 98 329 -7 -935 352 -515 -424 -942 319 -270 247