-262 -529 294 N/A 707 -865 581 -229 473 142 -839 156 741 N/A 120 -448 N/A 402 N/A -527 -527 -407 -875 144 -223 N/A -25 N/A -405 N/A 800 -239 257 633 857 N/A 721 N/A 207 800 N/A -735 N/A -538 N/A 8 N/A -61 -422 -801 212 -937 -102
-106 879 581 N/A -692 134 371 N/A 998 966 894 N/A 34 N/A -393 N/A -121 973 N/A 601 -698 -460 -7 469 -194 579
378 86 -133 574 N/A -61 128 N/A 517 N/A 675 N/A 361 -301 967 -732 91 -874 N/A 86 243 726 707 472 N/A 749 N/A 657 -60 -499 -494 5 N/A 669 138 -798 N/A 741 N/A -267 N/A -17 -986 -80 579 -991
-330 611 -276 N/A -375 -148 866 963 N/A 67 N/A -295 817 791 572 -100 N/A -19 330 -372 N/A -897 -176 N/A -210 -904 824 928 869 N/A 468 N/A 890 N/A 183 -193 N/A 105 596 -229 -252 891 -826 N/A -239 N/A 102 480 N/A -338 N/A 367 373 N/A 552 575 261 -718 53 856 -961 -238
-97 N/A -685 -611 -784 N/A -165 N/A 780 -876 -172 741 893 941 600 N/A -95 172 394 -988 932 N/A 660 164 124 N/A 188 N/A -343 -855 N/A -36 -365 -26 -673
591 -311 -904 440 -832 N/A -209 58 N/A -644 N/A -848 N/A -287 671 N/A 552 N/A 853 N/A 56 -670 N/A 166 432 -135 N/A -941 841 -493 926 843 -408 N/A -821 15 -595 N/A 30 500 491 627 N/A -1000 443 239 N/A -883 29 -791 306 -56 203 N/A 629 526 705
-373 225 N/A -411 366 N/A -376 N/A -668 -375 N/A -106 15 N/A 155 N/A 432 -753 133 608 292 -981 -912 -860 165
-996 859 N/A -384 -914 N/A 319 -321 -304 -930 -336 N/A -730 N/A -692 780 157 399 144 N/A 459 N/A 859 -945 -643 N/A -272 110 -860 902 N/A 332 145 132 -977
-778 N/A -36 N/A -342 -272 611 103 372 N/A -493 N/A 740 562 -681 538 N/A -296 N/A 216 -803 98 N/A -22 -945 N/A -506 543 -652 -477 388 451 N/A 146 216 N/A 13 -398 483 N/A -822 335 822 431 257 -413 833 292 N/A -379 -422
464 97 159 N/A -425 -692 N/A -18 192 -782 N/A -212 -913 738 N/A -271 -178 -259 61 N/A -89 -325 N/A 161 -106 N/A 233 516 N/A 608 482 -20
625 746 921 N/A -451 N/A -996 105 80 N/A -24 N/A 970 -708 N/A -682 127 -510 N/A -164 -318 N/A 335 N/A -979 530 83 -644 -987 -439 N/A -338 -270 -361 -245 504 126 -115 302 N/A 970 -859 N/A -340 655 94
-775 371 -908 N/A 591 -361 N/A -621 -605 N/A -986 N/A -520 -160 N/A -958 160 N/A 500 -962 152 N/A -574 778 N/A 700 -742 -667 102 -430 -209 -617 N/A -713 604 -206 55 933 N/A 997 -958 -917 -720 55 214 N/A 629 350 -216 589 228 -709 N/A -518 N/A 787 894 N/A 940 244 N/A 502
254 850 N/A 30 -452 -916 N/A -468 N/A 792 211 -475 -89 N/A -158 963 593 910 -256 N/A 33 725 -577 N/A -979 489 N/A 685 584 -354 -8 N/A 735 4 N/A -227 N/A 760 -540 832 -60 431 -671 -91 N/A -123 927 713 N/A -397 N/A -479 -597 231 N/A -436 17 286 -738 13 N/A -922 N/A -596 -870 N/A 472 700 N/A 773 -790 497 -37 -878 83
-3 N/A 317 N/A -940 -571 575 -27 635 N/A -34 -109 -347 -288 N/A 445 N/A 917 N/A -968 N/A -502 303 N/A 519 N/A -176 -599 226 333 515 -562 51 703 N/A 860 -704 -791 N/A 515 226 178 -239 N/A -369 N/A -514 -427 -504 784 976 -861 900 863
279 606 -4 236 N/A -477 N/A 560 841 788 513 N/A -936 423 N/A -981 -873 N/A 701 -120 N/A -293 -556 -778 396 761 260 -694 912 787 679 N/A 199 -34 N/A -16 -487 N/A 849 -70 254 838 766 111 -470 642 N/A -9 149 N/A 896 588 N/A -799 552 N/A -694 N/A -975 -711 259 338 -708 N/A -312 N/A 221 779 N/A -348 -898 N/A 958
896 N/A 349 -249 N/A -677 -811 -559 215 -360 699 -305 N/A -907 -746 152 N/A 36 684 -639 N/A 116 -790 -961 N/A 522 508 -717 809 -203 N/A 676 N/A 307 -480 424 -150 702 798 N/A -769 322 N/A 369 N/A 787 N/A -377 255 N/A -620 757 N/A -319 N/A -954 -823 271 647 656 N/A 376 -751 -31 N/A -598 -431 36 -189 545 685
983 N/A -867 -499 -546 734 968 -945 N/A 354 -887 183 N/A 144 -630 N/A 844 -729 5 -568 N/A -570 -891 -968 -893 92 -748 N/A -255 N/A -502 599 -561 134 619 -776 -960 -778 -966 439 N/A 572 837 -366 862 -218 -969 773 481 N/A -910 N/A -933 N/A 630 995 N/A -938 -694 N/A 856 N/A -997 N/A -293 N/A -133
325 N/A -963 -845 N/A 873 61 N/A -371 -674 N/A -864 415 326 N/A -452 -383 N/A -833 -431 N/A 938 -986 N/A -915 -252 969 -601 -513 19 -305 534 794 -835 477
-748 719 703 77 923 -960 N/A -641 -982 61 694 -687 -276 -519 N/A -914 -7 -658 846 279 -830 N/A 134 -776 -331 -867 N/A 360 N/A 757 N/A 648 N/A -118 N/A -39 187 N/A 16 -294 -640 N/A 536
14 N/A -335 -791 -229 581 -941 N/A -733 -754 176 133 N/A -319 -244 258 665 N/A 394 690 -745 -805 N/A 311 -509 743 776 633 N/A -202 -397 N/A 236 -535 -75 N/A 434 766 N/A -52 N/A -651 50 500 900 N/A -218 246 -944 -834 -829 56 N/A -806 935 N/A -552 N/A -588 -430 237 -636 539 N/A 890 N/A -91 N/A 237
-848 N/A 645 297 -443 539 -239 -44 N/A -424 N/A -472 -393 -730 N/A -884 N/A 89 -918 213 226 939 N/A 2 -691 32 -825 N/A 477 432 N/A -963 -69 120 -249 452 N/A 874 -846 158 -57 691 N/A 368 -822 929 N/A -864 -883 190 926 452 756 N/A 966 N/A 660 N/A 532 N/A -949 291 212 -131 N/A -14
-897 516 801 N/A -866 N/A -13 N/A 235 -102 N/A -168 N/A 536 917 294 917 506 -353 -757 835 -551 43 -588 N/A -511 95 -532 N/A 900 975 N/A -392 170 817 968 -278 529 646 N/A 534 N/A 22 -501 711 -754 N/A -709 -320 N/A -741 19 N/A 376 -563 N/A -43
-627 N/A -34 708 -248 N/A -561 270 N/A -29 519 792 -117 -78 39 N/A -345 N/A 55 931 648 709 -816 N/A -338
-115 578 -354 N/A -745 -738 N/A 567 -991 300 -786 -403 -958 46 N/A -422 936 -521 517 197 -231 -279 -188 N/A 776 68 N/A -364 N/A -221 N/A -884 N/A -70 -623 N/A 826
527 -994 835 -239 63 -190 746 883 N/A 429 275 N/A -480 -120 N/A -572 N/A -727 -177 N/A -593 N/A 130 95 -118 -24 -75 205 449 N/A -632 N/A -32
227 440 -98 150 205 N/A 380 576 378 186 -13 N/A 753 -323 -478 N/A -441 N/A -403 -470 -535 N/A 527 -933 963 N/A -1 968 -184 341 N/A -718 898 -848 N/A 509 N/A 150 -621 -409 327 844 N/A -377 -45 N/A 368 N/A 492 -802 -260 65 245 778 704 942 N/A -896 593 N/A -18 -857 -608 -887 N/A -993 N/A 691 N/A -269
192 N/A -849 N/A -363 558 127 616 N/A 582 402 -987 N/A 214 -676 N/A 917 485 -204 N/A -856 26 -302 525 N/A 548 450 N/A -330 109 -558 N/A 257 -207 638 -615 N/A 890 572 766 147 -888 N/A 652 -28 N/A 213 245 -968 500 N/A 438
376 N/A -26 26 N/A 284 222 -956 -710 N/A 432 N/A 499 2 -857 -274 921 -217 974 N/A -261 992 N/A 244 N/A 864 -3 -570 N/A 475 35 -506 N/A -342 575 -403 616
-972 415 N/A 81 N/A -929 -438 N/A -634 192 N/A -554 -296 111 241 -580 787 -754 N/A -910 199 340 260 N/A 261 N/A -457 -537 N/A -139 -733 656 -949 994 -169 N/A 958 254 -132 N/A -782 -420 874 N/A 504 740 N/A 793 690 -196 N/A -614 -48
-323 N/A -408 N/A 736 -441 -720 -450 N/A 753 871 -369 -135 -401 N/A 786 408 289 13 N/A -855 599 N/A -457 -789 876 -727 N/A 32 -893 -550 706 79 N/A 894 N/A 677 506 -949 -372 102 N/A 429
-668 N/A 708 N/A -702 959 N/A 129 -187 N/A 545 825 -57 N/A -905 424 -96 N/A -267 -976 -856 N/A -660 -157 -90 839 -312 -997 -757 N/A -226 771 N/A -309 N/A -289 930 N/A -141 -110 441 N/A -801 634 -917 N/A -882 737 674 -330 96 685
-104 916 422 N/A 161 747 -555 -40 117 -659 669 -387 N/A -347 N/A -918 6 N/A 345 -300 N/A 319 841 255 626 -327 -648 N/A 316 N/A 210 -966 -534 N/A 136 N/A 12 705 N/A -293 N/A -19 445 64 -865 708 -299 N/A 558 -878 953 N/A -933
165 -903 N/A 437 N/A 519 955 698 -741 270 N/A -943 -527 688 -514 -63 -735 -951 218 844 N/A -701 857 -432 N/A 396 115 -575 N/A 421 403 160 N/A 678 -850 -842 691 -990 N/A 722 788 N/A 26 56 N/A -332 N/A 548 -24 N/A -207 265 -11 -137 N/A 643 441 -925 N/A -175 N/A -384 448 N/A -982 N/A -459 -981 711 -318
462 60 841 259 180 N/A -740 722 -64 892 -845 -889 -314 -22 -271 865 N/A 459 530 N/A 725 -486 403 988 627 -677 -776 701 N/A -495 N/A -105 N/A 63 N/A 301 N/A -775 -332 N/A -850 -82 N/A -596 N/A 251 858 N/A 287 -476 304 786 N/A -263 556 988 622 N/A -973 -592 N/A 568 N/A 503 -907 353 773 N/A -489
-724 -244 736 407 N/A -772 625 N/A -290 -450 N/A 223 127 N/A 854 841 -616 6 N/A -951 N/A 367 -99 184 931 -893 20 N/A -728 -652 484 -25 665 698 477 -955 N/A -107 820 N/A 840 N/A -738 N/A -523 -949 -956 -120 N/A 288 72 444 N/A -716
-995 N/A -211 -401 -245 -976 165 -982 -687 N/A 790 N/A 142 243 N/A 275 436 181 -511 N/A -433 -557 N/A 318 N/A 231 -568 N/A 212 -112 -591 -14 -573 N/A 403 -817
-211 236 29 987 316 N/A 291 N/A -28 -618 -485 -800 915 N/A 194 970 N/A 921 886 298 49 -50 235 -139 -732 N/A -271 N/A 148 978 136 N/A 842 776 N/A 607 -136 N/A -25 638 N/A 589 -36 900 -820 N/A 754 N/A -979 903 N/A 422 N/A -823 -898 N/A 517 323 -452 -407
346 8 -324 N/A 247 N/A -962 -411 N/A 554 -997 -471 972 34 301 -239 291 497 -780 -319 N/A 844 -284 -781 N/A 767 N/A 408 494 N/A 789
-314 -185 N/A 601 185 430 -296 904 N/A 60 -585 N/A 963 -196 -639 N/A 34 -622 N/A -955 N/A -286 144 -918 569 N/A 868 739 N/A 97 133 17 -260 -829 N/A -614 619 887 -214 N/A 385 12 364 958 N/A 132 325 538 -811 N/A -79 878 N/A -757 -112 -6 N/A -44 648 -618 N/A 164 -308 N/A 388 -59 -81 176 -925 N/A -28 491 32 N/A 877
546 N/A 636 -702 N/A 489 910 693 N/A -715 N/A 390 N/A 697 -415 -423 -298 593 N/A 645 358 -409 N/A 498 -691 781 -175 576 765 N/A 808 499 N/A 929 -247 -103 704 120 N/A -610 N/A 346 -727 451 -374
-719 -954 N/A 599 923 -279 -375 N/A 900 665 -463 N/A 842 N/A 1 N/A -505 944 871 -536 710 -625 -308 N/A -593 719 N/A 331 829 -17 -36 N/A -387 -6 968 72 -633 813 784 N/A -365 N/A 982 N/A -205 N/A -703 746
511 N/A -115 N/A -606 -546 N/A -667 N/A 63 N/A -61 -287 -773 821 -294 -817 687 -456 N/A -596 N/A -653 -604 N/A 226 -472 1 -300 -378 -374 N/A -876 -866 361 N/A 349 -508 8 -290 510 -599 N/A -700 -25 905 N/A 165 N/A -163 792 -457 N/A -377 261 541 555 N/A 715 953
214 783 N/A 523 49 -308 -349 -706 N/A -411 N/A 324 N/A 46 -276 607 593 642 -172 766 -831 -701 -575 N/A -473 -564 N/A 980 -949 N/A 97 N/A 55 73 N/A -45 N/A 699 396 252 -148
44 N/A 93 427 N/A 781 271 N/A 904 -516 N/A -236 -341 -116 N/A -979 -247 -804 -242 N/A -234 -733 -637 -227 N/A -739 629 713 -444 N/A -668 N/A -704 839 -834 -197 564 -745
-353 99 148 572 516 N/A 267 N/A -825 N/A -260 -565 N/A -234 N/A 376 765 -845 N/A 194 751 887 -571 N/A 429 N/A 133 448 672 N/A -524 -665 -164 N/A 720 843 N/A -92 790 988 -188 924 N/A 606 -159 -693 N/A -723 685 N/A 971 900 -93 582 756 N/A -93 -939 -8 -777 782 -646
776 517 -857 750 N/A -363 -272 -197 N/A 212 N/A -870 111 N/A 619 893 -158 N/A -811 498 899 N/A -94 905 729 800 N/A -703 N/A -487 -43 -655 -785 N/A 346 448 N/A -126 228 N/A 992 -390 503 N/A 241 -322 302 -563 326 -23 -952 N/A 596 597 N/A 73 768 966 N/A 759 -847 N/A -363 274 83
583 N/A 467 N/A -109 -144 -936 N/A -695 757 252 N/A -982 -615 476 -779 N/A 156 -527 N/A -829 N/A 432 -228 -806 -18 N/A -177 965 444 -155 -287 -127 N/A -602 -11 655 -842 N/A 177 -60 -498
-961 N/A -150 N/A 470 N/A 201 387 N/A -638 -942 488 208 -132 602 N/A -750 547 81 594 245 N/A 288 -972 106 -168 821 N/A 279 905 N/A 296 N/A 744 320 N/A 688 N/A -40 584 719 976 521 -232 -338 836 N/A -785 -992 N/A 874 N/A -934 N/A -270 -973 627 606 -499 -603 -246 N/A -624 882 -633 -708 357 -558 473 N/A 59
318 -557 N/A -433 N/A -391 -466 -615 137 294 614 -156 N/A 672 -264 N/A -492 750 N/A 630 N/A -919 362 762 N/A -236 209 -420 N/A 442 N/A 598 N/A 312 41 154 -455 198 975 -5 937
-337 N/A 629 N/A 440 N/A -122 N/A 441 604 -666 -244 -88 -42 -970 -443 N/A -578 N/A -973 N/A 617 -708 324 -345 -475 N/A -16 N/A -512 621 297 N/A -270 N/A -626 115 813 -330 -6 295 923 -438 100 232 -986 909 713 -345 -686 N/A 6 -145 N/A -727
658 896 1 471 483 406 N/A -274 -401 -455 N/A 419 N/A -402 -465 N/A 953 -851 -71 331 N/A -851 N/A -90 -794 -17 -917
339 N/A -212 71 56 N/A -380 N/A 892 175 861 351 560 N/A -170 N/A -449 -968 -688 -86 435 N/A 816 754 -164 N/A -275 508 51 -515 -360 -745 N/A 373 -256 N/A -845 342 N/A -646 -696 N/A 995 -523
-463 3 543 N/A -736 N/A -387 N/A -926 N/A 202 -804 -750 N/A -416 566 N/A -56 -411 N/A -340 953 N/A 968 N/A 5 167 979 44 N/A 679 -78 N/A 169 145 -177 -503 -933 178 393 N/A 691 -50 653 189 155 441 -591 -603 339 908
-604 N/A 371 -720 -814 825 N/A 410 -421 N/A 678 -516 N/A 581 -592 -591 541 -956 N/A 405 969 -1 -12 N/A -375 1 725 168 -511 93 N/A 591 -72 N/A 602
822 425 796 150 16 N/A -194 N/A -957 246 487 -667 -609 N/A 619 N/A -23 174 228 N/A -10 560 -323 504 -128 -577 -397 N/A 287 N/A 545 80 N/A 186 -847 N/A -713 820 N/A 484 -162 698 792 -230 -675 -675 -127 N/A -712 N/A 286 -31 -168 N/A -971 -18 -232 N/A -905 N/A -563 243 -775 N/A 874 -283 770 N/A 392 -907 477 N/A -616 -339
354 N/A -987 N/A 10 -671 947 -925 N/A 656 -602 621 -572 -130 732 N/A -612 827 268 15 -435 N/A 19 369 -821 -205 N/A -563 -359 -860 385 N/A 3 N/A -969 N/A -279 865 N/A 751 197 N/A -241 -605
-199 N/A 228 N/A 5 151 -487 -621 -801 -981 635 -243 -591 -685 -836 751 -45 -818 -560 N/A 117 N/A 277 -895 -937 N/A -371 866 N/A 834 N/A 792 835 N/A -832 -153 N/A -348 N/A 748 959 N/A -873 -778 N/A 811 136 -716 800 701 -884 N/A 359
300 762 -189 N/A 83 860 323 -905 N/A -212 -712 439 N/A -1 N/A 610 26 -902 213 861 -152 588 N/A -469 787 N/A -825 -922 N/A -995 580
424 535 N/A 857 N/A -761 N/A -631 658 887 -211 437 N/A 30 -239 N/A -742 73 N/A 648 247 -841 -687 -391 N/A 784 582 N/A -224 599 368 -69 N/A -955 385 -225 136 653 79 -547 N/A 885 N/A 498 -853 -434 N/A 846
-364 358 N/A -384 506 -260 N/A -990 N/A 213 -672 -110 N/A 942 487 995 580 -397 908 -899 736 -244 N/A -877 N/A -754 500 951 383 970 648 N/A -936 -948 322 774 N/A 49 979 N/A -684 -691 -715 N/A 52 N/A 961 N/A -339 674 421 N/A 533 -816 N/A 627 196 263 103 -475 656 N/A 253 872 N/A -839
255 -217 -923 N/A 627 -522 793 134 855 707 N/A -162 251 -355 N/A 196 79 N/A -197 444 716 219 -747 -298 822 -247 319 -196 N/A 579 872 N/A 797 195 740 939 N/A 965 N/A -289 454 902 -17 N/A 911 958 -474 341 N/A 347 N/A 933 N/A -617 203 N/A -223 N/A -828 N/A 951 -13
-725 N/A 669 608 -402 -472 -446 389 48 N/A 878 N/A 319 -785 309 -246 N/A 942 N/A -271 -294 179 N/A -38 857 383 -450 -416 334 N/A 34 969 286 794 959 -222 N/A -579 N/A 387 -189 N/A -477 N/A 932 N/A -797 -476 N/A 789 N/A -708 618 776 56 -259 -51 359 691 773 -839 996 N/A -1 N/A 304 332 N/A -448 N/A 322 -398 -500
-805 N/A -585 N/A -523 N/A -574 827 33 469 -880 164 848 -628 11 672 -707 N/A -618 -269 N/A -979 -402 N/A 804 490 -769 N/A 618 872 -542 N/A -464 -51 -652